
                    MPQC: Massively Parallel Quantum Chemistry
                                Version 3.0.0-alpha

  Machine:    Darwin-x86_64
  User:       jinmei@Jinmeis-MBP.dhcp.lbnl.us
  Start Time: Fri Nov 11 10:38:17 2016

  Using MPIMessageGrp for message passing (number of nodes = 1).
  Using PthreadThreadGrp for threading (number of threads = 1).
  Using MTMPIMemoryGrp for distributed shared memory.
  Total number of processors = 1

  Using IntegralLibint2 by default for molecular integrals evaluation
  Given resources: ConsumableResources: ( memory = 1.07GB disk = [./ unlimited] )

  Reading file /Users/jinmei/software/install/mpqc_gh/share/mpqc/3.0.0-alpha/atominfo.kv.
  Molecule: setting point group to c2v
  Reading file /Users/jinmei/software/install/mpqc_gh/share/mpqc/3.0.0-alpha/basis/cc-pvdz.kv.
      Reading file /Users/jinmei/software/install/mpqc_gh/share/mpqc/3.0.0-alpha/basis/sto-3g.kv.

      CLSCF::init: total charge = 0

      Reading file /Users/jinmei/software/install/mpqc_gh/share/mpqc/3.0.0-alpha/basis/def2-svLpR.kv.
      Using symmetric orthogonalization.
      n(basis):             4     0     2     1
      Maximum orthogonalization residual = 2.47689
      Minimum orthogonalization residual = 0.116742
      Using symmetric orthogonalization.
      n(basis):             4     0     2     1
      Maximum orthogonalization residual = 2.47689
      Minimum orthogonalization residual = 0.116742
      Using SuperpositionOfAtomicDensities guess wavefunction as starting vector
        Reading file /Users/jinmei/software/install/mpqc_gh/share/mpqc/3.0.0-alpha/basis/sto-3g.kv.

      docc = [ 3 0 1 1 ]
      nbasis = 7

  CLSCF::init: total charge = 0

  Projecting CLHF guess into the present basis set

      SCF::compute: energy accuracy = 1.0000000e-02

      nuclear repulsion energy =   15.122281929438481

      integral intermediate storage = 235584 bytes
      integral cache = 536634880 bytes
      Beginning iterations.  Basis is Split(STO-3G).
      accuracy = 0.0001 new_accuracy = 0.0001
                       394 integrals  (   0.002 sec)
      iter     1 energy =     -73.983881894894 delta = 7.751e-01  (    0.01 sec)
      accuracy = 0.0001 new_accuracy = 0.0001
                       394 integrals  (   0.002 sec)
      iter     2 energy =     -73.995011820825 delta = 5.569e-02  (    0.00 sec)
      accuracy = 0.0001 new_accuracy = 0.0001
                       394 integrals  (   0.002 sec)
      iter     3 energy =     -73.995283103389 delta = 1.029e-02  (    0.00 sec)
      accuracy = 0.0001 new_accuracy = 0.0001
                       394 integrals  (   0.001 sec)
      iter     4 energy =     -73.995284397122 delta = 7.248e-04  (    0.00 sec)

      HOMO is     1  B2 =  -0.495140
      LUMO is     4  A1 =   0.980818

      total scf energy =  -73.9952843971

      Projecting the guess density.

        The number of electrons in the guess density = 10
        Using symmetric orthogonalization.
        n(basis):            11     2     7     4
        Maximum orthogonalization residual = 4.47009
        Minimum orthogonalization residual = 0.0120373
        The number of electrons in the projected density = 9.96716

  docc = [ 3 0 1 1 ]
  nbasis = 24
  Reading file /Users/jinmei/software/install/mpqc_gh/share/mpqc/3.0.0-alpha/basis/aug-cc-pvdz-cabs.kv.
MADNESS runtime initialized with 3 threads in the pool and affinity -1 -1 -1

  Molecular formula H2O

  The following keywords in "./h2o_mpqc.in" were ignored:
    mole:reference:guess_wavefunction:multiplicity
    mole:reference:multiplicity
    new_approach

  MPQC options:
    matrixkit       = <ReplSCMatrixKit>
    filename        = h2o_mpqc
    restart_file    = h2o_mpqc.ckpt
    restart         = yes
    checkpoint      = yes
    savestate       = no
    do_energy       = yes
    do_gradient     = no
    do_freq         = no
    optimize        = no
    write_xyz       = yes
    print_mole      = yes
    print_timings   = yes
    print_resources = yes

  switched off integral check in mbptr12.cc/compute

  SCF::compute: energy accuracy = 1.0000000e-10

  nuclear repulsion energy =   15.122281929438481

  integral intermediate storage = 970000 bytes
  integral cache = 535896112 bytes
  Beginning iterations.  Basis is cc-pVDZ.
  accuracy = 0.0001 new_accuracy = 0.0001
                 31972 integrals  (   0.037 sec)
  iter     1 energy =     -74.917425363407 delta = 1.909e-01  (    0.04 sec)
  accuracy = 0.0001 new_accuracy = 0.0001
                 31972 integrals  (   0.034 sec)
  iter     2 energy =     -75.226182249677 delta = 6.138e-02  (    0.04 sec)
  accuracy = 0.0001 new_accuracy = 0.0001
                 31972 integrals  (   0.034 sec)
  iter     3 energy =     -75.240453333535 delta = 1.130e-02  (    0.04 sec)
  accuracy = 2.59266e-06 new_accuracy = 2.59266e-05
                 31972 integrals  (   0.034 sec)
  iter     4 energy =     -75.241372220614 delta = 2.593e-03  (    0.04 sec)
  accuracy = 2.59266e-06 new_accuracy = 9.41148e-06
                 31972 integrals  (   0.034 sec)
  iter     5 energy =     -75.241487103906 delta = 9.411e-04  (    0.04 sec)
  accuracy = 2.51028e-07 new_accuracy = 2.51028e-06
                 31972 integrals  (   0.035 sec)
  iter     6 energy =     -75.241493356203 delta = 2.510e-04  (    0.04 sec)
  accuracy = 2.51028e-07 new_accuracy = 6.37889e-07
                 31972 integrals  (   0.034 sec)
  iter     7 energy =     -75.241493648930 delta = 6.379e-05  (    0.04 sec)
  accuracy = 8.73768e-09 new_accuracy = 8.73768e-08
                 31972 integrals  (   0.034 sec)
  iter     8 energy =     -75.241493654535 delta = 8.738e-06  (    0.04 sec)
  accuracy = 8.73768e-09 new_accuracy = 1.21605e-08
                 31972 integrals  (   0.034 sec)
  iter     9 energy =     -75.241493654667 delta = 1.216e-06  (    0.04 sec)
  accuracy = 1.94314e-10 new_accuracy = 1.94314e-09
                 31972 integrals  (   0.034 sec)
  iter    10 energy =     -75.241493654670 delta = 1.943e-07  (    0.04 sec)
  accuracy = 1.69828e-11 new_accuracy = 1.69828e-10
                 31972 integrals  (   0.034 sec)
  iter    11 energy =     -75.241493654670 delta = 1.698e-08  (    0.04 sec)
  accuracy = 1.69828e-11 new_accuracy = 3.55261e-11
                 31972 integrals  (   0.034 sec)
  iter    12 energy =     -75.241493654670 delta = 3.553e-09  (    0.04 sec)
  accuracy = 7.64033e-13 new_accuracy = 7.64033e-12
                 31972 integrals  (   0.034 sec)
  iter    13 energy =     -75.241493654670 delta = 7.640e-10  (    0.04 sec)
  accuracy = 7.64033e-13 new_accuracy = 1.15552e-12
                 31972 integrals  (   0.034 sec)
  iter    14 energy =     -75.241493654670 delta = 1.156e-10  (    0.04 sec)
  accuracy = 7.64033e-13 new_accuracy = 1e-12
                 31972 integrals  (   0.034 sec)
  iter    15 energy =     -75.241493654670 delta = 3.782e-11  (    0.04 sec)

  HOMO is     1  B2 =  -0.543864
  LUMO is     4  A1 =   0.225534

  total scf energy =  -75.2414936547
  Orthogonalizing basis for space RIBS:
    Using symmetric orthogonalization.
    n(basis):            52    18    39    28
    Maximum orthogonalization residual = 10.4639
    Minimum orthogonalization residual = 1.02907e-05

  Entered (2)_S energy evaluator
    SVD-projecting out  occupied symmetry-blocked MOs out of RIBS to obtain space CABS
      5 basis functions projected out of RIBS.
      n(basis):            49    18    38    27
      Maximum singular value = 1
      Minimum singular value = 1
    SVD-projecting out  unoccupied symmetry-blocked MOs out of CABS to obtain space CABS
      19 basis functions projected out of CABS.
      n(basis):            41    16    32    24
      Maximum singular value = 1
      Minimum singular value = 1
    E(MP2 OBS+CABS singles = (2)_S) =        -0.047985637976276
  Exited (2)_S energy evaluator
  Compute MP2-F12 one-electron properties

  Entered (2)_S energy evaluator
    E(MP2 OBS+CABS singles = (2)_S) =        -0.047985637976276
  Exited (2)_S energy evaluator

  Compute dipole and quadrupole moments
h^p_q: 
0: [ [0,0], [24,24] ) { -33.7370125873 0.628080213042 0.247872420518 -0.174122180758 -0.0749677225581 -0.146069088472 0.41926144934 0.235119639247 -0.0794461881804 0.00941371656724 0.237745410733 0 0 0 0 0 0 0 0 0 0 0 0 0 0.628080213042 -8.92795740912 0.166728225472 0.858310991941 -0.421193278634 0.303778916471 -1.31254907168 -0.416466688342 0.113781259265 -0.181179163329 -0.841011291068 0 0 0 0 0 0 0 0 0 0 0 0 0 0.247872420518 0.166728225472 -7.65993685878 0.123934919538 1.7958163526 0.182053318634 -0.243469964471 -1.07851159221 0.2255921771 0.460679561161 0.498583570416 0 0 0 0 0 0 0 0 0 0 0 0 0 -0.174122180758 0.858310991941 0.123934919538 -3.17034710561 0.312991522346 -0.156854079191 1.01391371115 0.430689346896 -0.108923667368 0.0639762797225 0.309712208381 0 0 0 0 0 0 0 0 0 0 0 0 0 -0.0749677225581 -0.421193278634 1.7958163526 0.312991522346 -4.52478212409 -0.117138280823 -0.108202380069 0.855547645285 -0.304482549083 -0.849993878875 -1.05222375808 0 0 0 0 0 0 0 0 0 0 0 0 0 -0.146069088472 0.303778916471 0.182053318634 -0.156854079191 -0.117138280823 -4.446439838 0.0940011333926 0.131896780627 -0.697683094969 0.787471477525 0.0811585685339 0 0 0 0 0 0 0 0 0 0 0 0 0 0.41926144934 -1.31254907168 -0.243469964471 1.01391371115 -0.108202380069 0.0940011333926 -4.25789662816 0.00892276276241 0.462544421326 0.243796063089 -1.32358139456 0 0 0 0 0 0 0 0 0 0 0 0 0 0.235119639247 -0.416466688342 -1.07851159221 0.430689346896 0.855547645285 0.131896780627 0.00892276276241 -4.62716456545 -0.60416593182 -0.193372051141 0.524836021416 0 0 0 0 0 0 0 0 0 0 0 0 0 -0.0794461881804 0.113781259265 0.2255921771 -0.108923667368 -0.304482549083 -0.697683094969 0.462544421326 -0.60416593182 -3.54417142412 0.0268681666614 -0.261934902811 0 0 0 0 0 0 0 0 0 0 0 0 0 0.00941371656724 -0.181179163329 0.460679561161 0.0639762797225 -0.849993878875 0.787471477525 0.243796063089 -0.193372051141 0.0268681666614 -3.50381572176 -0.332940004298 0 0 0 0 0 0 0 0 0 0 0 0 0 0.237745410733 -0.841011291068 0.498583570416 0.309712208381 -1.05222375808 0.0811585685339 -1.32358139456 0.524836021415 -0.261934902811 -0.332940004298 -2.38265091446 0 0 0 0 0 0 0 0 0 0 0 0 0 0 0 0 0 0 0 0 0 0 0 0 -4.10582291673 -1.02132820544 0 0 0 0 0 0 0 0 0 0 0 0 0 0 0 0 0 0 0 0 0 0 -1.02132820544 -3.47219551186 0 0 0 0 0 0 0 0 0 0 0 0 0 0 0 0 0 0 0 0 0 0 0 0 -8.18743188052 -0.915976360691 0.522613677668 -1.51697179798 -0.426473265015 0.0992928032291 1.12184698391 0 0 0 0 0 0 0 0 0 0 0 0 0 0 0 0 0 -0.915976360691 -2.78880916967 0.296841007931 -1.05413485934 -0.202304866807 0.0488008880704 0.321239699132 0 0 0 0 0 0 0 0 0 0 0 0 0 0 0 0 0 0.522613677668 0.296841007931 -3.98760986844 -0.288065003732 0.396532892106 0.850936414266 -0.644722266019 0 0 0 0 0 0 0 0 0 0 0 0 0 0 0 0 0 -1.51697179798 -1.05413485934 -0.288065003732 -4.64554405161 -0.3365836798 1.01163374344 1.71885646908 0 0 0 0 0 0 0 0 0 0 0 0 0 0 0 0 0 -0.426473265015 -0.202304866807 0.396532892106 -0.3365836798 -2.98308659049 0.0903393648703 0.548822095765 0 0 0 0 0 0 0 0 0 0 0 0 0 0 0 0 0 0.0992928032291 0.0488008880704 0.850936414266 1.01163374344 0.0903393648703 -3.80289004598 -0.319054321163 0 0 0 0 0 0 0 0 0 0 0 0 0 0 0 0 0 1.12184698391 0.321239699132 -0.644722266019 1.71885646908 0.548822095765 -0.319054321163 -3.30915314314 0 0 0 0 0 0 0 0 0 0 0 0 0 0 0 0 0 0 0 0 0 0 0 0 -7.5862414509 -2.0217552537 0.972290416973 0.528530964085 0 0 0 0 0 0 0 0 0 0 0 0 0 0 0 0 0 0 0 0 -2.0217552537 -4.75828963796 1.00661988817 0.949890854586 0 0 0 0 0 0 0 0 0 0 0 0 0 0 0 0 0 0 0 0 0.972290416973 1.00661988817 -4.72458738785 0.548011191968 0 0 0 0 0 0 0 0 0 0 0 0 0 0 0 0 0 0 0 0 0.528530964085 0.949890854586 0.548011191968 -3.67190220555 }

F^p_q: 
0: [ [0,0], [24,24] ) { -20.4938412303 2.68887689892e-12 -7.88874521263e-12 -1.61107238661e-13 6.49513776096e-12 1.48725476379e-12 7.1098682497e-13 -5.88051829453e-12 1.60094160151e-12 3.89821508406e-12 1.02549080339e-11 0 0 0 0 0 0 0 0 0 0 0 0 0 2.6887196896e-12 -1.63010852877 1.76505268734e-11 4.60028543037e-12 -1.63641045159e-11 -6.04744032628e-12 9.88514825551e-13 5.23644322348e-12 -4.11781719833e-13 5.22915044598e-14 -3.20365955986e-12 0 0 0 0 0 0 0 0 0 0 0 0 0 -7.88798762636e-12 1.76504384025e-11 -0.640231881555 -7.82148178689e-11 3.87913486055e-12 -1.34552230469e-11 3.86317228207e-11 1.1545266479e-11 -7.69607641504e-12 -7.76313041628e-12 1.17218457163e-11 0 0 0 0 0 0 0 0 0 0 0 0 0 -1.62329879898e-13 4.60010154968e-12 -7.82150087969e-11 0.225534322211 1.29025939238e-11 -9.14750913905e-13 -2.08390769918e-12 -7.06457895655e-13 -6.80303036127e-13 1.51115925329e-12 -9.39692768043e-13 0 0 0 0 0 0 0 0 0 0 0 0 0 6.49493441885e-12 -1.63642480643e-11 3.8790305603e-12 1.29021424621e-11 1.02083041947 1.75436748462e-12 -8.92790008589e-12 7.25496919485e-13 -1.46346129659e-12 -7.96806370884e-12 -5.80714643039e-12 0 0 0 0 0 0 0 0 0 0 0 0 0 1.48829321263e-12 -6.04766237089e-12 -1.34551172287e-11 -9.15482967212e-13 1.75437442351e-12 1.4173495679 -4.91828799909e-13 -1.05332409461e-12 -1.97986071981e-12 2.90428792127e-12 -3.60067531346e-12 0 0 0 0 0 0 0 0 0 0 0 0 0 7.11805993921e-13 9.88830545223e-13 3.86319838966e-11 -2.08530935575e-12 -8.92862173085e-12 -4.9144022185e-13 1.51162533073 5.651940721e-12 6.91918744522e-13 -3.40782957409e-13 -3.13266079743e-12 0 0 0 0 0 0 0 0 0 0 0 0 0 -5.87982462198e-12 5.23728109492e-12 1.1545135941e-11 -7.07966671398e-13 7.25763199538e-13 -1.0539069617e-12 5.65166663469e-12 1.98755886086 -4.32311131338e-12 -3.46737916157e-12 3.9654390882e-12 0 0 0 0 0 0 0 0 0 0 0 0 0 1.59827484364e-12 -4.1187973171e-13 -7.6957758742e-12 -6.8015992144e-13 -1.46405804147e-12 -1.97994398654e-12 6.91662005448e-13 -4.32481828128e-12 3.49031038531 6.21822038305e-13 -1.00169872397e-12 0 0 0 0 0 0 0 0 0 0 0 0 0 3.89754797447e-12 5.23695670163e-14 -7.76344700332e-12 1.51166058837e-12 -7.96828922289e-12 2.90455853813e-12 -3.41164596573e-13 -3.46595755568e-12 6.21662443745e-13 3.93247840876 2.46991316288e-12 0 0 0 0 0 0 0 0 0 0 0 0 0 1.02598915691e-11 -3.20170105705e-12 1.17213886167e-11 -9.39874914008e-13 -5.81222570073e-12 -3.60278473721e-12 -3.14155645942e-12 3.96038757344e-12 -9.98090499138e-13 2.47657450103e-12 5.71715854829 0 0 0 0 0 0 0 0 0 0 0 0 0 0 0 0 0 0 0 0 0 0 0 0 1.64114797206 -3.54716256368e-12 0 0 0 0 0 0 0 0 0 0 0 0 0 0 0 0 0 0 0 0 0 0 -3.54706541916e-12 3.78363939618 0 0 0 0 0 0 0 0 0 0 0 0 0 0 0 0 0 0 0 0 0 0 0 0 -0.957149394539 3.07645510629e-12 -5.47184519917e-12 -1.70094494045e-12 2.20268248086e-13 1.14125653372e-11 1.91274773798e-12 0 0 0 0 0 0 0 0 0 0 0 0 0 0 0 0 0 3.07674035988e-12 0.280785414509 2.46076423127e-12 -1.12021676657e-12 -1.33686811621e-12 -2.05740632864e-12 3.99302813037e-12 0 0 0 0 0 0 0 0 0 0 0 0 0 0 0 0 0 -5.47161819434e-12 2.46066012245e-12 1.07728101676 -3.32623219333e-12 4.92654788492e-12 5.87682355037e-12 -6.54442732645e-12 0 0 0 0 0 0 0 0 0 0 0 0 0 0 0 0 0 -1.70105596276e-12 -1.12073187102e-12 -3.32649185975e-12 1.36278177748 6.11621864266e-13 3.1502300768e-12 7.56494866749e-12 0 0 0 0 0 0 0 0 0 0 0 0 0 0 0 0 0 2.20018447905e-13 -1.33795036682e-12 4.92650364947e-12 6.10872463724e-13 2.45413245234 4.44849712622e-12 5.82756065626e-13 0 0 0 0 0 0 0 0 0 0 0 0 0 0 0 0 0 1.14123875281e-11 -2.05785188152e-12 5.87610515801e-12 3.15002190998e-12 4.44833059277e-12 3.40153673081 -3.5119684938e-12 0 0 0 0 0 0 0 0 0 0 0 0 0 0 0 0 0 1.91222688725e-12 3.99216402124e-12 -6.54750559326e-12 7.56456008943e-12 5.84338133436e-13 -3.51189910486e-12 5.2382870183 0 0 0 0 0 0 0 0 0 0 0 0 0 0 0 0 0 0 0 0 0 0 0 0 -0.543864362236 -2.73708833376e-11 1.24155130621e-11 -1.42152956073e-12 0 0 0 0 0 0 0 0 0 0 0 0 0 0 0 0 0 0 0 0 -2.7370787711e-11 1.06303695518 7.72999719789e-12 7.85383563739e-12 0 0 0 0 0 0 0 0 0 0 0 0 0 0 0 0 0 0 0 0 1.24153604064e-11 7.7299833201e-12 1.99075103589 2.5339730314e-12 0 0 0 0 0 0 0 0 0 0 0 0 0 0 0 0 0 0 0 0 -1.42136302728e-12 7.85396747638e-12 2.53436160946e-12 3.64583619993 }

F^i_j: 
0: [ [0,0], [5,5] ) { -20.4938412303 0 -0 0 0 0 -1.63010852877 0 0 0 -0 0 -0.640231881555 0 0 0 0 0 -0.957149394539 0 0 0 0 0 -0.543864362236 }

F^p_p (orbital energies): 
0: [ [0,0], [24,24] ) { -20.4938412303 0 -0 -0 0 0 0 -0 0 0 0 0 0 0 0 0 0 0 0 0 0 0 0 0 0 -1.63010852877 0 0 -0 -0 0 0 -0 0 -0 0 0 0 0 0 0 0 0 0 0 0 0 0 -0 0 -0.640231881555 -0 0 -0 0 0 -0 -0 0 0 0 0 0 0 0 0 0 0 0 0 0 0 -0 0 -0 0.225534322211 0 -0 -0 -0 -0 0 -0 0 0 0 0 0 0 0 0 0 0 0 0 0 0 -0 0 0 1.02083041947 0 -0 0 -0 -0 -0 0 0 0 0 0 0 0 0 0 0 0 0 0 0 -0 -0 -0 0 1.4173495679 -0 -0 -0 0 -0 0 0 0 0 0 0 0 0 0 0 0 0 0 0 0 0 -0 -0 -0 1.51162533073 0 0 -0 -0 0 0 0 0 0 0 0 0 0 0 0 0 0 -0 0 0 -0 0 -0 0 1.98755886086 -0 -0 0 0 0 0 0 0 0 0 0 0 0 0 0 0 0 -0 -0 -0 -0 -0 0 -0 3.49031038531 0 -0 0 0 0 0 0 0 0 0 0 0 0 0 0 0 0 -0 0 -0 0 -0 -0 0 3.93247840876 0 0 0 0 0 0 0 0 0 0 0 0 0 0 0 -0 0 -0 -0 -0 -0 0 -0 0 5.71715854829 0 0 0 0 0 0 0 0 0 0 0 0 0 0 0 0 0 0 0 0 0 0 0 0 1.64114797206 -0 0 0 0 0 0 0 0 0 0 0 0 0 0 0 0 0 0 0 0 0 0 0 -0 3.78363939618 0 0 0 0 0 0 0 0 0 0 0 0 0 0 0 0 0 0 0 0 0 0 0 0 -0.957149394539 0 -0 -0 0 0 0 0 0 0 0 0 0 0 0 0 0 0 0 0 0 0 0 0 0 0.280785414509 0 -0 -0 -0 0 0 0 0 0 0 0 0 0 0 0 0 0 0 0 0 0 0 -0 0 1.07728101676 -0 0 0 -0 0 0 0 0 0 0 0 0 0 0 0 0 0 0 0 0 0 -0 -0 -0 1.36278177748 0 0 0 0 0 0 0 0 0 0 0 0 0 0 0 0 0 0 0 0 0 -0 0 0 2.45413245234 0 0 0 0 0 0 0 0 0 0 0 0 0 0 0 0 0 0 0 0 -0 0 0 0 3.40153673081 -0 0 0 0 0 0 0 0 0 0 0 0 0 0 0 0 0 0 0 0 -0 0 0 -0 5.2382870183 0 0 0 0 0 0 0 0 0 0 0 0 0 0 0 0 0 0 0 0 0 0 0 0 -0.543864362236 -0 0 -0 0 0 0 0 0 0 0 0 0 0 0 0 0 0 0 0 0 0 0 0 -0 1.06303695518 0 0 0 0 0 0 0 0 0 0 0 0 0 0 0 0 0 0 0 0 0 0 0 0 1.99075103589 0 0 0 0 0 0 0 0 0 0 0 0 0 0 0 0 0 0 0 0 0 -0 0 0 3.64583619993 }

  Entered <p p|ERI|mu mu> integrals evaluator (transform type iRjS)
    Memory available per node:      1072424544 Bytes
    Static memory used per node:    0 Bytes
    Total memory used per node:     2780544 Bytes
    Memory required for one pass:   2780544 Bytes
    Minimum memory required:        126528 Bytes
    Number of passes:               1
    Batch size:                     24
    Beginning pass 1
    Begin loop over shells (ints, 1+2 q.t.)
      working on shell pair (  0   0),  0.000% complete (0 of 66)
      working on shell pair (  3   1), 10.606% complete (7 of 66)
      working on shell pair (  4   4), 21.212% complete (14 of 66)
      working on shell pair (  6   0), 31.818% complete (21 of 66)
      working on shell pair (  7   0), 42.424% complete (28 of 66)
      working on shell pair (  7   7), 53.030% complete (35 of 66)
      working on shell pair (  8   6), 63.636% complete (42 of 66)
      working on shell pair (  9   4), 74.242% complete (49 of 66)
      working on shell pair ( 10   1), 84.848% complete (56 of 66)
      working on shell pair ( 10   8), 95.455% complete (63 of 66)
    End of loop over shells
  Entered <p p|ERI|p p> integrals evaluator (transform type ixjy)
    Memory available per node:      1072424544 Bytes
    Static memory used per node:    0 Bytes
    Total memory used per node:     2780544 Bytes
    Memory required for one pass:   2780544 Bytes
    Minimum memory required:        126528 Bytes
    Number of passes:               1
    Batch size:                     24
    Beginning pass 1
    Read half-transformed integrals
    Begin third q.t.
    End of third q.t.
    Begin fourth q.t.
    End of fourth q.t.
  Detecting non-totally-symmetric integrals ... none
  Entered <i i|ERI|mu mu> integrals evaluator (transform type iRjS)
    Memory available per node:      1072424544 Bytes
    Static memory used per node:    0 Bytes
    Total memory used per node:     143040 Bytes
    Memory required for one pass:   143040 Bytes
    Minimum memory required:        31680 Bytes
    Number of passes:               1
    Batch size:                     5
    Beginning pass 1
    Begin loop over shells (ints, 1+2 q.t.)
      working on shell pair (  0   0),  0.000% complete (0 of 66)
      working on shell pair (  3   1), 10.606% complete (7 of 66)
      working on shell pair (  4   4), 21.212% complete (14 of 66)
      working on shell pair (  6   0), 31.818% complete (21 of 66)
      working on shell pair (  7   0), 42.424% complete (28 of 66)
      working on shell pair (  7   7), 53.030% complete (35 of 66)
      working on shell pair (  8   6), 63.636% complete (42 of 66)
      working on shell pair (  9   4), 74.242% complete (49 of 66)
      working on shell pair ( 10   1), 84.848% complete (56 of 66)
      working on shell pair ( 10   8), 95.455% complete (63 of 66)
    End of loop over shells
  Entered <i i|ERI|i i> integrals evaluator (transform type ixjy)
    Memory available per node:      1072424544 Bytes
    Static memory used per node:    0 Bytes
    Total memory used per node:     143040 Bytes
    Memory required for one pass:   143040 Bytes
    Minimum memory required:        31680 Bytes
    Number of passes:               1
    Batch size:                     5
    Beginning pass 1
    Read half-transformed integrals
    Begin third q.t.
    End of third q.t.
    Begin fourth q.t.
    End of fourth q.t.
  Detecting non-totally-symmetric integrals ... none
g^ij_kl: 
0: [ [0,0,0,0], [5,5,5,5] ) { 4.73386578334 -0.448355345942 -0.159772349206 0 0 -0.448355345942 0.0718610511584 0.014723443499 0 0 -0.159772349206 0.014723443499 0.0356458491208 0 0 0 0 0 0.0288410867565 0 0 0 0 0 0.0311213072917 -0.448355345942 1.13400232305 0.00405073516488 0 0 0.0718610511584 -0.0100367958024 -0.0121215191279 0 0 0.014723443499 -0.0295682937042 0.0242270208362 0 0 0 0 0 0.0355681584984 0 0 0 0 0 0.0301949730274 -0.159772349206 0.00405073516488 1.06995769414 0 0 0.014723443499 -0.0121215191279 -0.0199141018292 0 0 0.0356458491208 0.0242270208362 0.0138222059376 0 0 0 0 0 0.00682355710077 0 0 0 0 0 0.0121127167519 0 0 0 1.07591386977 0 0 0 0 -0.00798538715518 0 0 0 0 -0.0120804931707 0 0.0288410867565 0.0355681584984 0.00682355710077 0 0 0 0 0 0 0 0 0 0 0 1.05851354703 0 0 0 0 -0.0119494704818 0 0 0 0 -0.00590497439144 0 0 0 0 0 0.0311213072917 0.0301949730274 0.0121127167519 0 0 -0.448355345942 0.0718610511584 0.014723443499 0 0 1.13400232305 -0.0100367958024 -0.0295682937042 0 0 0.00405073516488 -0.0121215191279 0.0242270208362 0 0 0 0 0 0.0355681584984 0 0 0 0 0 0.0301949730274 0.0718610511584 -0.0100367958024 -0.0121215191279 0 0 -0.0100367958024 0.898012276424 -0.0955564731021 0 0 -0.0121215191279 -0.0955564731021 0.104034731695 0 0 0 0 0 0.199868854887 0 0 0 0 0 0.122384535626 0.014723443499 -0.0121215191279 -0.0199141018292 0 0 -0.0295682937042 -0.0955564731021 0.719346480702 0 0 0.0242270208362 0.104034731695 0.0505316234693 0 0 0 0 0 0.00551149643644 0 0 0 0 0 0.0350746202435 0 0 0 -0.00798538715518 0 0 0 0 0.834573985443 0 0 0 0 -0.0365328996336 0 0.0355681584984 0.199868854887 0.00551149643644 0 0 0 0 0 0 0 0 0 0 0 -0.0119494704818 0 0 0 0 0.76107009945 0 0 0 0 -0.000714743352754 0 0 0 0 0 0.0301949730274 0.122384535626 0.0350746202435 0 0 -0.159772349206 0.014723443499 0.0356458491208 0 0 0.00405073516488 -0.0121215191279 0.0242270208362 0 0 1.06995769414 -0.0199141018292 0.0138222059376 0 0 0 0 0 0.00682355710077 0 0 0 0 0 0.0121127167519 0.014723443499 -0.0295682937042 0.0242270208362 0 0 -0.0121215191279 -0.0955564731021 0.104034731695 0 0 -0.0199141018292 0.719346480702 0.0505316234693 0 0 0 0 0 0.00551149643644 0 0 0 0 0 0.0350746202435 0.0356458491208 0.0242270208362 0.0138222059376 0 0 0.0242270208362 0.104034731695 0.0505316234693 0 0 0.0138222059376 0.0505316234693 0.833420425822 0 0 0 0 0 0.0408947216894 0 0 0 0 0 0.0535837940285 0 0 0 -0.0120804931707 0 0 0 0 -0.0365328996336 0 0 0 0 0.710642163152 0 0.00682355710077 0.00551149643644 0.0408947216894 0 0 0 0 0 0 0 0 0 0 0 -0.00590497439144 0 0 0 0 -0.000714743352754 0 0 0 0 0.71027548597 0 0 0 0 0 0.0121127167519 0.0350746202435 0.0535837940285 0 0 0 0 0 0.0288410867565 0 0 0 0 0.0355681584984 0 0 0 0 0.00682355710077 0 1.07591386977 -0.00798538715518 -0.0120804931707 0 0 0 0 0 0 0 0 0 0 0.0355681584984 0 0 0 0 0.199868854887 0 0 0 0 0.00551149643644 0 -0.00798538715518 0.834573985443 -0.0365328996336 0 0 0 0 0 0 0 0 0 0 0.00682355710077 0 0 0 0 0.00551149643644 0 0 0 0 0.0408947216894 0 -0.0120804931707 -0.0365328996336 0.710642163152 0 0 0 0 0 0 0 0.0288410867565 0.0355681584984 0.00682355710077 0 0 0.0355681584984 0.199868854887 0.00551149643644 0 0 0.00682355710077 0.00551149643644 0.0408947216894 0 0 0 0 0 0.850375098912 0 0 0 0 0 0.0383364095283 0 0 0 0 0 0 0 0 0 0 0 0 0 0 0 0 0 0 0 0.722794211597 0 0 0 0.0383364095283 0 0 0 0 0 0.0311213072917 0 0 0 0 0.0301949730274 0 0 0 0 0.0121127167519 0 0 0 0 0 1.05851354703 -0.0119494704818 -0.00590497439144 0 0 0 0 0 0 0.0301949730274 0 0 0 0 0.122384535626 0 0 0 0 0.0350746202435 0 0 0 0 0 -0.0119494704818 0.76107009945 -0.000714743352754 0 0 0 0 0 0 0.0121127167519 0 0 0 0 0.0350746202435 0 0 0 0 0.0535837940285 0 0 0 0 0 -0.00590497439144 -0.000714743352754 0.71027548597 0 0 0 0 0 0 0 0 0 0 0 0 0 0 0 0 0 0 0 0 0 0.0383364095283 0 0 0 0.722794211597 0 0.0311213072917 0.0301949730274 0.0121127167519 0 0 0.0301949730274 0.122384535626 0.0350746202435 0 0 0.0121127167519 0.0350746202435 0.0535837940285 0 0 0 0 0 0.0383364095283 0 0 0 0 0 0.782496447046 }

  Entered <i i|ERI|a a> integrals evaluator (transform type ixjy)
    Memory available per node:      1072424544 Bytes
    Static memory used per node:    0 Bytes
    Total memory used per node:     143040 Bytes
    Memory required for one pass:   143040 Bytes
    Minimum memory required:        33984 Bytes
    Number of passes:               1
    Batch size:                     5
    Beginning pass 1
    Read half-transformed integrals
    Begin third q.t.
    End of third q.t.
    Begin fourth q.t.
    End of fourth q.t.
  Detecting non-totally-symmetric integrals ... none
g^ij_ab: 
